0000000000000000000000000000000000000000000000000000000000000000
0000000000000000000000000000000000000000000000000000000000000000
0000000000000000000000000000000000000000000000000000000000000000
0000000000000000000000000000000000000000000000000000000000000000
0000000000000000000000000000000000000000000000000000000000000000
0000000000000000000000000000000000000000000000000000000000000000
0000000000000000000000000000000000000000000000000000000000000000
0000000000000000000000000000000000000000000000000000000000000000
0000000000000000000000000000000000000000000000000000000000000000
0000000000000000000000000000000000000000000000000000000000000000
0000000000000000000000000000000000000000000000000000000000000000
0000000000000000000000000000000000000000000000000000000000000000
0000000000000000000000000011011111111000000000000000000000000000
0000000000000000000000011110011111111100000000000000000000000000
0000000000000000000001111110011111111100110000000000000000000000
0000000000000000000011111111011111111001111000000000000000000000
0000000000000000000111111111111111111111111100000000000000000000
0000000000000000000011111111111000111111111110000000000000000000
0000000000000000010001111111111000111111111111000000000000000000
0000000000000000110001111111111000111111111111000000000000000000
0000000000000001111111111111111000111111111100010000000000000000
0000000000000011111111111111111001111111111100111000000000000000
0000000000000011111111111111111111111111111111111000000000000000
0000000000000111111111111111111111111111111111111100000000000000
0000000000000111111111111111111111111111111111111100000000000000
0000000000000111111111111111111111111111111111111100000000000000
0000000000001000111111111111111111111111111111111110000000000000
0000000000001000011111111111110001111111111111111110000000000000
0000000000001111111111111111100000111111111111111000000000000000
0000000000001111110000111111000000011111111111110000000000000000
0000000000001111110000111111000000011111111111110010000000000000
0000000000001111111111111111000000011111110000111110000000000000
0000000000001100011111111111100000111111110000111110000000000000
0000000000001000011111111111110001111111111111111110000000000000
0000000000000000111111111111111111111111111111111110000000000000
0000000000000011111111111111111111111111111111111110000000000000
0000000000001111111111111111111111111111111111001110000000000000
0000000000000111111111111111111111111111111111000000000000000000
0000000000000111111111111111111111111111111111000000000000000000
0000000000000111001111111111111111111111111111100000000000000000
0000000000000011001111111111111111111111111111111000000000000000
0000000000000011001111111111111100111111111111111000000000000000
0000000000000001001111111111111100111111111111110000000000000000
0000000000000000001111111111111100111111110111100000000000000000
0000000000000000011111001111111100111111100011000000000000000000
0000000000000000001111001111111100111111110000000000000000000000
0000000000000000000110001111100111100111111000000000000000000000
0000000000000000000010001111000111100111111000000000000000000000
0000000000000000000000011111000111100111110000000000000000000000
0000000000000000000000011111000111100011000000000000000000000000
0000000000000000000000000011001111110000000000000000000000000000
0000000000000000000000000000000000000000000000000000000000000000
0000000000000000000000000000000000000000000000000000000000000000
0000000000000000000000000000000000000000000000000000000000000000
0000000000000000000000000000000000000000000000000000000000000000
0000000000000000000000000000000000000000000000000000000000000000
0000000000000000000000000000000000000000000000000000000000000000
0000000000000000000000000000000000000000000000000000000000000000
0000000000000000000000000000000000000000000000000000000000000000
0000000000000000000000000000000000000000000000000000000000000000
0000000000000000000000000000000000000000000000000000000000000000
0000000000000000000000000000000000000000000000000000000000000000
0000000000000000000000000000000000000000000000000000000000000000
0000000000000000000000000000000000000000000000000000000000000000
