0000000000000000000000000000000000000000000000000000000000000000
0000000000000000000000000000000000000000000000000000000000000000
0000000000000000000000000000000000000000000000000000000000000000
0000000000000000000000000000000000000000000000000000000000000000
0000000000000000000000000000000000000000000000000000000000000000
0000000000000000000000000000000000000000000000000000000000000000
0000000000000000000000000000000000000000000000000000000000000000
0000000000000000000000000000000000000000000000000000000000000000
0000000000000000000000000000000000000000000000000000000000000000
0000000000000000000000000000000000000000000000000000000000000000
0000000000000000000000000000000000000000000000000000000000000000
0000000000000000000000000000111111100000000000000000000000000000
0000000000000000000000000000111101100000000000000000000000000000
0000000000000000000000000000111101100000000000000000000000000000
0000000000000000000000000000111101100000000000000000000000000000
0000000000000000000000000000111101100000000000000000000000000000
0000000000000000000000000000111101100000000000000000000000000000
0000000000000000000000000000111101100000000000000000000000000000
0000000000000000000000000000111101100000000000000000000000000000
0000000000000000000000000000111101100000000000000000000000000000
0000000000000000000000000000111101100000000000000000000000000000
0000000000000000000000000000111101100000000000000000000000000000
0000000000000000000000000000111101100000000000000000000000000000
0000000000000000000000000000111101100000000000000000000000000000
0000000000000000000000000000111101100000000000000000000000000000
0000000000000000000000000000111101100000000000000000000000000000
0000000000000000000000000000111101100000000000000000000000000000
0000000000000000000000000000100001100000000000000000000000000000
0000000000000000000000000000111101100000000000000000000000000000
0000000000000000000000000000111101100000000000000000000000000000
0000000000000000000000000000100001100000000000000000000000000000
0000000000000000000000000000111101100000000000000000000000000000
0000000000000000000000000000111101100000000000000000000000000000
0000000000000000000000000000100001100000000000000000000000000000
0000000000000000000000000000111101100000000000000000000000000000
0000000000000000000000000000111101100000000000000000000000000000
0000000000000000000000000000100001100000000000000000000000000000
0000000000000000000000000000111101100000000000000000000000000000
0000000000000000000000000000111101100000000000000000000000000000
0000000000000000000000000000100001100000000000000000000000000000
0000000000000000000000000000111101100000000000000000000000000000
0000000000000000000000000000111101100000000000000000000000000000
0000000000000000000000000000100001100000000000000000000000000000
0000000000000000000000000000111101100000000000000000000000000000
0000000000000000000000000000111101100000000000000000000000000000
0000000000000000000000000001111111110000000000000000000000000000
0000000000000000000000000111111011111100000000000000000000000000
0000000000000000000000000111000000011100000000000000000000000000
0000000000000000000000000111000000011100000000000000000000000000
0000000000000000000000000111000000011100000000000000000000000000
0000000000000000000000000111111011111100000000000000000000000000
0000000000000000000000000001111111110000000000000000000000000000
0000000000000000000000000000000000000000000000000000000000000000
0000000000000000000000000000000000000000000000000000000000000000
0000000000000000000000000000000000000000000000000000000000000000
0000000000000000000000000000000000000000000000000000000000000000
0000000000000000000000000000000000000000000000000000000000000000
0000000000000000000000000000000000000000000000000000000000000000
0000000000000000000000000000000000000000000000000000000000000000
0000000000000000000000000000000000000000000000000000000000000000
0000000000000000000000000000000000000000000000000000000000000000
0000000000000000000000000000000000000000000000000000000000000000
0000000000000000000000000000000000000000000000000000000000000000
0000000000000000000000000000000000000000000000000000000000000000
